40
Comment: qchem_opt
C      -0.3020862829    -2.7072768686     0.9163470606
C      -1.6167801758    -2.8667745147     0.4873984196
C      -2.2827230860    -1.8590236469    -0.2135802905
C      -1.5497660379    -0.7227896079    -0.5080567281
C      -1.0339122770     1.4619184170    -0.8872407241
C      -1.4704895443     2.4172882992     0.2458133669
C      -0.9843803528     1.9805562413     1.6081379745
C       0.2323004905     1.4753952142     1.7778307415
C       2.2685335900     0.2367192165     0.8085617179
C       1.7601081186    -1.1825336893     1.2030982865
C       0.4229081172    -1.5530661915     0.6048943753
C      -0.2226118228    -0.6202013551    -0.1765466153
C       0.2949183201     0.7247945852    -0.5987701214
C       1.1255237802     1.2519713982     0.5878984471
C       1.1864828032     0.6435321982    -1.8467115765
C       2.4441901305    -0.1764183164    -1.5877811379
C       4.4063111082    -0.3647966562    -0.2052627696
O      -3.5965648684    -1.9995396793    -0.5327905212
O      -2.8586381409     2.6396790432     0.1991733512
O      -2.0512969957     0.4273522326    -1.0592253600
N       3.1215060589     0.2768832542    -0.3821068129
H       0.1501088480    -3.4838393264     1.5244777560
H      -2.1746004222    -3.7615377230     0.7377891968
H      -1.0174195223     2.0055858988    -1.8320401847
H      -1.0042762039     3.3863955537     0.0264807546
H      -1.6570829312     2.1675412123     2.4381835421
H       0.5936087557     1.2106191633     2.7675894508
H       2.8854554169     0.6045162348     1.6348652613
H       2.5262682094    -1.9204852863     0.9444958048
H       1.6619777343    -1.2281298441     2.2932176814
H       1.6084881111     2.1959225764     0.3050488367
H       0.6250860356     0.2041399521    -2.6769418272
H       1.4712367873     1.6620907849    -2.1337572429
H       2.1858364126    -1.2501005714    -1.5368050445
H       3.1338864088    -0.0592186135    -2.4284361649
H       5.0524815420    -0.1250114858    -1.0538533732
H       4.3526019634    -1.4657806354    -0.1294692408
H       4.8861801265     0.0156966238     0.7000298837
H      -3.8654176223    -1.2394380031    -1.0528747406
H      -3.2590375348     1.7803259531     0.0402536780
